74957755125
4957755505
4957392501
84956812424
4956637296
74955395607
74956637296
375173591900
74957899617
74996810238
0173591900
0173591901
0173591902
0173591903
0173591904
0173591905
0173591906
0173591907
0173591908
0173591909
0173591910
0173591911
0173591912
0173591913
0173591914
0173591915
0173591916
0173591917
0173591918
0173591919
0173591920
0173591921
0173591922
0173591923
0173591924
0173591925
0173591926
0173591927
0173591928
0173591929
80075
78123090045
74959559143
74957755505
74957392501
78005552603
74956453562
+74955879787
74955879787
74957755548
74957755546
74957755547
73432366235